neighbors
000000000a1a1202000000000a1a1202
081810004a5a5242081810004a5a5242
00000000485850400000000048585040
00000000081810000000000008181000
000000000a1a1202000000000a1a1202
081810004a5a5242081810004a5a5242
00000000485850400000000048585040
00000000081810000000000008181000
08181000000000000000000000000000
00000000000000000000000000000000
00000000000000000000000000000000
00000000000000000000000000000000
00000000000000000000000000000000
00000000000000000000000000000000
00000000000000000000000000000000
00000000000000000000000000000000

physics
00000001010101010000000101010101
02020204010101010202020401010101
00000000010101010000000001010101
01000000010101010100000001010101
00000001010101010000000101010101
02020204010101010202020401010101
00000000010101010000000001010101
01000000010101010100000001010101
03030300000000000000000000000000
03030300000000000000000000000000
03030300000000000000000000000000
00000000000000000000000000000000
00000000000000000000000000000000
00000000000000000000000000000000
00000000000000000000000000000000
00000000000000000000000000000000

family
00000000050505050000000006060606
01010100050505050404040006060606
00000000050505050000000006060606
00000000050505050000000006060606
00000000070707070000000008080808
02020200070707070303030008080808
00000000070707070000000008080808
00000000070707070000000008080808
09090900000000000000000000000000
00000000000000000000000000000000
00000000000000000000000000000000
00000000000000000000000000000000
00000000000000000000000000000000
00000000000000000000000000000000
00000000000000000000000000000000
00000000000000000000000000000000

